156.232300  137.133200  115.723000  102.662100  121.264500  33.804000  50.847600  -43.461300  60.269100  70.200000  62.063600  154.110700  23.659600  
137.133200  124.294200  105.164000  89.804000  105.859900  52.806500  60.226400  -13.607500  60.825400  74.513000  70.875600  149.429300  22.340600  
115.723000  105.164000  89.409300  75.995000  88.387700  44.631300  50.760000  -8.591900  51.369300  62.111700  59.780400  123.545900  16.352200  
102.662100  89.804000  75.995000  69.123700  84.195000  22.198100  32.973200  -29.560200  39.729100  45.664400  39.591600  100.064800  14.806800  
121.264500  105.859900  88.387700  84.195000  112.625800  35.073100  44.452000  -39.058000  50.169800  61.179400  50.856200  131.622700  26.696700  
33.804000  52.806500  44.631300  22.198100  35.073100  154.289900  109.838000  131.296700  63.534700  100.148600  115.889000  133.564800  25.762500  
50.847600  60.226400  50.760000  32.973200  44.452000  109.838000  83.131200  80.322400  53.537200  80.200000  89.395200  118.194400  22.103200  
-43.461300  -13.607500  -8.591900  -29.560200  -39.058000  131.296700  80.322400  168.876200  31.494400  56.608800  82.049400  35.927500  -3.994300  
60.269100  60.825400  51.369300  39.729100  50.169800  63.534700  53.537200  31.494400  40.607600  56.233300  59.050000  93.788400  16.161600  
70.200000  74.513000  62.111700  45.664400  61.179400  100.148600  80.200000  56.608800  56.233300  82.167900  87.304000  132.042200  27.242000  
62.063600  70.875600  59.780400  39.591600  50.856200  115.889000  89.395200  82.049400  59.050000  87.304000  96.933600  131.495000  23.881200  
154.110700  149.429300  123.545900  100.064800  131.622700  133.564800  118.194400  35.927500  93.788400  132.042200  131.495000  236.026600  52.561700  
23.659600  22.340600  16.352200  14.806800  26.696700  25.762500  22.103200  -3.994300  16.161600  27.242000  23.881200  52.561700  21.233000  
