0.16063890620947  0.39879674054688  0.054266153853408  0.22194891263105  -0.30149452508056  -0.024318332166639  0.013492414686577  -0.1683422126902  0.042820337707499  0.36785697594849  0.11353375397379  -0.18439573888345  -0.21040606447071  0.15586991270158  -0.45395161435816  0.059431114443955  0.036148123766473  -0.23935649177303  -0.29718052692604  0.18387469330901  
0.21689385260293  -0.14772407667115  0.21623591430974  -0.10568382077041  0.26594182881055  -0.14729132169262  0.091083568353637  0.077954135902451  0.47638786025557  -0.16277273061948  0.28897004297403  -0.28549224759825  -0.11779777385692  0.21127875723823  0.080428689144187  0.078024298490843  0.2962029477845  -0.055181107227646  -0.292360061106  -0.3172345428745  
0.2319774936723  0.29674608734383  0.058040595966266  0.12001262864615  0.017394843177694  -0.11930029909381  0.28140012907739  0.17131747175422  0.20965571207288  -0.046786134943463  -0.23543977632486  0.32269868362349  0.26202442945873  0.45399227159573  0.14126036056238  -0.23597161768126  0.18630961548139  0.16933264853854  0.077205907637133  0.303028665086  
0.28876341759542  0.016529650862634  0.17349851875922  -0.065709253407115  0.19457470397522  -0.044218515553331  -0.039971334567784  -0.61349012698867  -0.017890061820461  0.39410632600239  -0.13774386510695  0.11493154698478  0.14046741334435  -0.029081155266815  0.35275738887625  0.32056188675394  -0.07594791561048  0.12990960584811  -0.059353665963623  -0.048745689016775  
0.23524642466028  -0.29620845971586  0.011596802747872  -0.50024200273688  -0.19700699866515  0.12159495617614  0.10823812225849  0.16751959235715  -0.30387682648938  0.18759314908953  -0.13886697800156  -0.34374812395354  -0.049950347080098  0.35674531620491  0.021180267504477  0.13771856353368  0.12428449795268  -0.07235076060912  0.21135097522956  0.18346888441953  
0.21745490815911  0.15786324779746  0.5909354230584  0.0072908701968918  -0.12468944893233  0.29432461221377  -0.018549819757312  0.18982667157184  -0.14939454011077  -0.037739506014974  0.18192854116247  -0.056904303477165  -0.12564549376458  -0.11797073973529  0.33727078876963  -0.32316675955475  -0.35036729875656  -0.021192808129363  -0.091147953152054  0.022279666727407  
0.20401941058517  0.32089179869371  -0.058366607699261  -0.016219486722532  0.071674752069314  0.36716940007065  0.0023109372287063  -0.14388187546535  0.32894358526049  -0.32076229906523  -0.23145565244679  -0.20247485795123  -0.20380192790953  -0.24049398176308  0.024414465517943  0.18410575913517  0.096828801985706  -0.18346777196219  0.43916474426437  0.12510481804751  
0.23086757590758  0.13738091904263  -0.0778317801473  -0.15909749093676  -0.23307881096274  0.11419888636175  -0.1143245533222  -0.26749506973087  -0.24497492788897  -0.35100615711599  0.26531177688779  0.40853361029583  -0.1097042341082  0.31851496204783  -0.13905093315272  0.0087988393043057  0.054449059883682  0.012980230276627  0.12609722961196  -0.41475878232043  
0.26195152629746  -0.062412300656503  -0.015004014380271  0.0020656433963615  0.14760953277766  0.28084437328347  -0.15849798577476  0.23917688169913  0.048278011712597  -0.072722151340572  0.1150654539646  0.10664404183733  0.63485313418737  -0.0078793036732054  -0.25119543083791  0.30419887652963  -0.22977547181268  -0.27755896882347  -0.14205122733451  0.057307177711502  
0.1893480036515  -0.11039032306079  -0.27012775530526  0.090351908195827  0.32678323112588  0.34788559637865  0.23956573053322  0.047279988219485  -0.10107842236434  0.25935712551976  -0.31397250661196  0.1253476399643  -0.16957429408891  -0.0090304863722131  -0.049337052292938  -0.36945130165997  0.029221494730639  -0.27871838831171  -0.16311603430536  -0.34453769844793  
0.23942247705076  -0.047514777254125  -0.45545253724228  0.24804351281825  -0.41199237936872  0.088018163283999  0.082801948783894  0.27767642112208  0.1077523981825  0.033150604282475  0.049197086768743  0.028825326022142  -0.15299455015123  -0.06468085167526  0.40377763026046  0.33096380759353  -0.10062166797842  0.18832442225875  -0.2056358864758  -0.077519469010396  
0.1926095918422  -0.082528820134734  -0.22411736036166  0.11617423643315  0.2915800714073  -0.13915538520645  -0.53525247785663  0.063628181242338  -0.069446235814075  0.096617357287383  0.30274872456509  0.13209707227502  -0.23831554542915  0.098287953254686  0.2343474960703  -0.13591038596505  0.11341122233528  -0.26534409536913  0.12752478126996  0.36714722883006  
0.20669781966683  -0.16593674678164  -0.03056831715423  -0.10319704972443  -0.17607881050321  -0.52120248361766  0.30719739904444  -0.14305726051699  0.0033602737814878  -0.26802522116378  -0.11166296376922  0.10260642450089  -0.025012296567624  -0.17939314137525  0.065129461080258  -0.06150050867404  -0.27600783067677  -0.5254527969344  -0.051391741623789  0.10033095608481  
0.23376599050913  0.10264610279346  0.11253235481275  -0.17682620850951  0.31160038279263  -0.15827396610404  -0.031994764717908  0.25768812117205  -0.22659358676427  -0.16511443795858  -0.23386761734293  0.21503626975153  -0.37793470775634  -0.18478481784487  -0.27850234248261  0.27387428361904  -0.029698718286713  0.31122120146255  -0.26688363380571  0.15249116510909  
0.21580783971368  -0.14252154178356  0.18174477636754  -0.024045599473147  -0.21748868795099  -0.22237301049204  -0.30529989496307  0.24349440218887  0.36980495566514  0.34437790912863  -0.18262432416651  0.17995931429257  -0.060192128273503  -0.11311324819265  -0.22289321735716  -0.072894802947703  -0.11470242126761  0.059811959713598  0.38229718656418  -0.30800934420108  
0.18892941319714  -0.40363349074385  0.12180312116795  0.060846480706865  -0.1628002029105  0.21191259901011  0.25570759674358  -0.13719528761111  0.056048201650522  0.050546622730341  0.28643951100174  0.26717028666554  0.014858534392859  -0.39180053221702  -0.17051818865418  -0.098121858690597  0.42302063368709  0.13235686096758  0.02284775075961  0.28050684923734  
0.21637110057186  -0.33558095870129  -0.1384857529703  0.10261787490227  -0.051700733324399  0.094430344295508  -0.2425480022035  -0.30964587488016  0.1696555064658  -0.26052576531453  -0.19186158893463  -0.2498499823083  -0.0057831431934101  0.17632375387925  -0.18801686078773  -0.31745480349602  -0.3185238661436  0.34340066909148  -0.1739615038185  0.17824715707228  
0.22835581971341  -0.11793583514313  0.11337233228345  0.62182549638375  0.1927824820959  -0.17628553668557  0.2215793409088  0.034461009481258  -0.34676362781232  -0.066447681774957  0.099509103786559  -0.25885629918103  0.024730705511606  0.073254276218159  -0.1153487884868  0.13710881754115  -0.05298633845815  0.096265531658534  0.38053606972851  -0.13915695231607  
0.24729109325864  0.17544906826063  -0.027774044603984  0.02752014147625  -0.1828003414696  -0.1786403993694  -0.31759853939234  0.026863242940264  -0.27245983156773  -0.12064151542851  -0.23950693163117  -0.25583895398671  0.31889542603853  -0.29936543921741  0.091252633656619  -0.20419422030457  0.47672282111585  0.0012393065188458  -0.17641392871186  -0.16818723194694  
0.23185473147996  0.30420808766551  -0.36454811290069  -0.34298169269567  0.16703763059714  -0.14927879373361  0.21668908825454  0.012147223285955  0.023929337981255  0.16698819627378  0.40040316553133  -0.19252884769182  0.14132925340458  -0.22570872284827  -0.088888113375358  -0.25003914464949  -0.20639958839411  0.26973430066692  0.15137684322736  -0.020554796811726  
