0.19622355028035  0.038656789903721  0.087062192102446  -0.18176413047187  -0.14918525697595  -0.16163228429538  -0.064257027575562  0.022231593597671  0.0042055811023935  0.10371744217443  -0.038694702381346  -0.025952968588619  -0.12865318509672  0.070131800653869  0.079320762827723  0.52125230644252  0.52189115094438  0.17309910868465  0.056037961721674  -0.16493471912738  -0.43220649454355  0.12766160790269  -0.088422569520407  0.051617579610302  0.087792669198265  
0.24350007854977  -0.031760278092909  -0.23258720647943  -0.26682880770328  0.068673568670118  0.12876390158388  0.51651866497357  -0.25686441014169  0.1397386623432  0.046126245078994  -0.082623431078005  0.063657638485826  0.48242141077272  0.096576996465758  -0.39360615461599  0.12558644428037  0.042817831970258  -0.065852869288728  0.015433079671398  -0.0074055602878371  -0.015113484703837  0.013989596075399  0.065646406901679  -0.038682135000754  -0.048537605768821  
0.11697063735544  0.042988740437942  -0.025555116222768  -0.022455395596588  -0.18411391225149  -0.064989399816018  -0.10169885544188  -4.8617340914094e-05  0.15706964010273  0.01449139280239  0.1605112486217  0.036588671531122  0.070783026660228  0.0018815694364517  0.075134117516456  0.19792093910528  -0.00094368148524785  0.096745323727372  0.31454622930444  -0.35689771956607  0.70112750765405  0.3240313349642  -0.022991004295646  -0.008355022166763  0.013523999268031  
0.3204323975228  -0.086446129355082  0.21199399590159  0.094220724037467  0.42411715606719  -0.70808098086392  0.0159413693209  -0.11357663791566  0.2115890627583  -0.04230564025395  0.19026650199958  0.019360492121945  0.13482708107247  -0.11423957433993  0.071790344570678  -0.10254535224405  -0.062329738622048  0.0021499811056197  -0.042707646756867  0.049520827060595  -0.029525619642593  -0.0016318914693533  -0.046236178994481  0.0094421827825787  0.01793867758982  
0.13142074354162  0.18092260440572  0.040948906204668  -0.13906594079323  0.034045276693136  -0.011552826386741  -0.014458572912907  -0.1190817747228  0.016863638222336  -0.036887208030583  -0.010721852829254  -0.032358043313001  -0.20930713605819  -0.026800658053298  0.13263156066139  0.19015789752928  0.026866834612439  -0.13142438696029  -0.18722696614509  -0.050665654498683  0.15008041525999  -0.31287093835565  0.38027949564232  -0.70001693030779  -0.039341191230794  
0.32485723871791  -0.36343623876043  -0.73528630953962  0.045073640345243  0.15191179761811  -0.0053479545991613  -0.35799117115434  0.016884346821172  -0.085283936968689  -0.04681619683441  -0.036407109665564  -0.037023849486406  -0.15990189235936  -0.029764463842632  -0.032111327482438  0.11359318331444  -0.069573369121327  -0.02626352527164  -0.060985304188994  0.069196094032363  0.0013092885635738  0.025990941454664  -0.027957595856241  -0.0091880558345913  -0.0049466839977699  
0.39446496519201  -0.18186674166877  0.362477992681  0.4544712835606  0.027253348060292  0.42150054807767  -0.12880960681865  0.055346477551708  0.084428733230627  -0.14480016178308  -0.23055154874312  -0.016921582820898  0.25477480092637  -0.27889326212218  0.026697870919481  0.18516076470393  0.021753031932002  0.053579515256494  -0.090625463382415  0.049630899189634  0.012026156625982  0.008914958238471  0.0019730380966559  -0.040339714626926  0.01505961397586  
0.12024980356253  0.14472658837948  0.034151019113861  -0.39920058955766  0.50790716629407  0.19343215486265  -0.010637739147735  0.34944616984043  -0.25014975701913  -0.073974116684542  -0.12186165665004  0.10499958811906  0.11682081212997  0.056381533494985  0.19136452063988  -0.12910342019937  -0.032430262440307  0.42585476788105  -0.017436852519246  -0.1351679357797  0.061631989904366  0.014556727699858  -0.10945114837806  -0.059412226349784  0.043827323626797  
0.095125685381843  0.12936934096146  0.041930693996219  -0.076567987181981  0.051115139002489  -0.02999725114366  -0.022221414602256  0.19013866376191  -0.064544845375316  0.034694001534149  0.054768170931292  0.13555704830612  0.02388788651406  0.11468901837882  0.10755348857858  0.33419458905974  -0.055815289910591  -0.038086364668996  0.12157269485197  0.46328744439312  0.16712930552476  -0.19272990229854  0.49210418881123  0.46238569769432  -0.087673299659466  
0.12577173476688  0.052938288219966  0.0050470112070342  -0.12170503006422  -0.20898382531966  -0.048326943816481  0.051855502214483  0.37508044142521  0.17005408555096  0.17476638176469  -0.012253232601062  0.14737842231319  -0.02597761374065  -0.080800696682291  0.0016737170058758  -0.052726463953222  -0.32776045483426  -0.081812492832461  -0.31756964592619  0.068196049140784  -0.19060911849342  0.5955801722177  0.23928902318099  -0.12441429239918  0.049310804870164  
0.22903948851215  -0.11508518234729  0.034246608576126  0.085684892572391  -0.10012372589407  0.088381910065792  0.15211860265423  -0.051269038871069  -0.19519320800308  0.20861524724156  0.19961668152596  -0.012281601607777  0.037889664656475  0.18221130735625  0.31381753881914  0.077461564071774  -0.51628793995651  -0.088219475141935  0.25820632224029  -0.37754605907276  -0.28673177410996  -0.21343276717975  0.030199257698403  0.041986417796554  0.086308894726545  
0.15438462962454  0.40851438732989  -0.12021237202155  0.11496847539247  -0.01206773876007  0.01120598140548  -0.034148280088616  0.087189169317341  -0.29805562928105  0.30573625212788  0.30116000573468  -0.56114202257993  0.17726448577063  -0.30720296696341  -0.15543900070079  -0.084618383410768  0.09165526273675  0.038607552419707  -0.0042546338125356  0.063502794371189  0.0054964322077893  0.019212739101561  0.050217718054926  0.0010217395870247  0.10344935298209  
0.10505802718229  0.048399529432982  -0.018969945059691  -0.049372176760083  -0.19462736849318  -0.031016712419387  0.10536848097832  0.22319180668324  0.14960383308024  0.13733128409372  0.02186774653817  0.10211441843436  -0.024559111683062  0.048594650807386  -0.002320244703269  0.12499046568205  -0.12388560838092  0.016146020824927  0.066332832663822  0.43305986894954  0.13598187803207  -0.25304127901416  -0.52725399883625  -0.20426113559152  0.45114849276099  
0.13775795642362  0.31839684030344  -0.0085521018512649  0.20179768691815  0.12769027030427  0.078399490681315  -0.25236711113931  -0.2483156956939  -0.12158934340223  0.42999863161417  -0.043588204647555  0.6255534399934  -0.057039531220821  0.027274414929534  -0.16443032843382  -0.16767281884926  0.11770952788169  -0.076603216367298  0.1046359522386  -0.018508719758156  -0.032990354660606  0.042992359316024  -0.00074828369915147  -0.032583403159858  0.063143487158426  
0.10163700231758  0.18350761165753  0.015004541978716  -0.067617974232392  -0.04557138551879  0.055728885083087  0.095899852002767  -0.32555810929304  -0.024598056654113  0.007015250620537  0.038481551537468  0.031072272778383  -0.22772438402794  -0.085488476743634  0.024093945331778  0.16539888461909  -0.18505030340519  0.1303536677963  -0.66402465392581  -0.15551468160169  0.1841183898958  -0.087135858163445  -0.18740792594887  0.37943202810265  0.060776334679007  
0.17899379943698  0.48945033126466  -0.23591584808769  0.33829149853404  -0.14902393290831  -0.18770082638167  0.21555424056172  0.097540008704426  -0.13325201036748  -0.56452098090739  -0.22824138360714  0.083776443541578  -0.027957915132279  0.13431362428748  0.041152324959122  -0.055440519275533  -0.013858329767899  -0.018368530871516  0.079346493253807  -0.073208716542096  -0.074112303698492  0.048965797189938  -0.0048440154750786  0.018514010273078  0.072813316342486  
0.1892342211853  0.14825903053217  0.056711853330194  -0.0010869078990574  0.0074398911922901  0.27286811417412  -0.25817610317803  -0.076271944019128  0.40406835178562  -0.20452741097933  0.44366077862603  -0.12839419507824  -0.057501901500951  0.5037561014921  -0.14547388655541  -0.1761559255495  0.0020184277179677  0.18845447409664  -0.03376613542811  0.075999545615213  -0.13593623440111  0.010419696197654  0.053037730696671  -0.0042817608733667  0.02146819862039  
0.28415620951189  -0.023410322453689  0.19203896046367  -0.39830093854181  -0.4261033942422  -0.17121442003852  -0.3809324645318  -0.21885598402602  -0.22912985862453  -0.085204840822996  -0.31761959632076  -0.10237737176631  0.18591246153236  0.06438623963492  -0.05221178943664  -0.27200651607205  -0.11253785223186  -0.0074848852286181  0.03555520368903  0.10089024068327  0.025522294401522  -0.061372819803889  -0.01149447161255  0.041238499916802  -0.048350290656907  
0.11081088874487  0.12679455085632  0.1108219865933  -0.21317937445848  0.21844198585973  0.1482375684738  -0.10820734241991  0.14845685397827  -0.0078611006824495  -0.12814780760159  0.058965025707592  -0.073715384697419  -0.017354190992789  0.054967700329679  0.044471358031686  0.040492825937111  0.10696104693119  -0.81803666969463  -0.026502545910627  -0.10734548667415  0.034616668378626  0.076918760269966  -0.24747226702824  0.13008344646822  0.0037386261808054  
0.16176609540424  0.16470335930357  -0.089166250131552  -0.13840999666815  0.090027956530414  0.18239442188519  0.17074881353801  -0.27682432029341  0.37735340473668  0.10656738991589  -0.26336111472373  -0.197162836631  -0.32718277606091  -0.26341124286089  0.35886817062958  -0.19774522559119  -0.015303051763929  0.024744060362985  0.32081245266388  0.17392372205403  -0.057021906383813  0.12073151469909  -0.0015929962166757  0.11080448249915  -0.044772815624247  
0.16167086556379  -0.1938428502638  -0.024156394548919  0.18756409513684  -0.076908964889159  0.0095958268357812  0.2494102367058  -0.035477067267428  -0.19980952953922  0.22089084416026  -0.0067493169917604  -0.076647743120295  0.065138613454424  0.43310228862659  0.43755996801217  -0.24475823511224  0.36435051570055  -0.0533461734428  -0.24781121274625  0.16741880484065  0.20174498235055  0.15122610341303  -0.0080088202138823  -0.041415902023373  -0.053321218464853  
0.23477038776104  -0.14906086514274  0.25072142697855  0.078397667807178  0.12013299850786  -0.050067489378805  0.21341239039968  0.15866150241156  -0.14953281417627  0.12282589980773  -0.21050895168748  -0.1955794409144  -0.53734684206097  0.21359514154451  -0.51111224068833  -0.040052294553853  -0.064489187311649  0.025152582786381  0.12314450562178  -0.059058429184363  0.14636697737176  0.033296360405143  0.033597640430592  0.027472978938175  -0.030393754476508  
0.24142700965694  -0.19959651026169  0.049706881922726  -0.16732489412621  -0.21266481400812  0.11612886197415  0.23458502399238  0.03199944295319  -0.22149771570439  -0.27479278496049  0.48480056466255  0.30997082955246  -0.22065749948112  -0.37880947715753  -0.02764039335895  -0.21890895080735  0.20369311137691  0.017806610028839  0.083833004724425  0.072157300697562  -0.014164352211923  -0.028999254376681  0.01569909318885  0.0096255454723597  -0.068256213820385  
0.066134109614354  0.16472008178375  0.00011447127165931  0.054441584476979  -0.05682186721877  -0.023263056854362  0.0061113939245848  0.075966561332254  -0.024940839911635  0.087519594900013  0.075113750868919  0.027065690272954  -0.00045200073425103  0.030155419525616  0.0084458368750778  0.16421262595973  -0.14559415317724  0.06254336821662  0.018306646855838  0.14643344151501  -0.041510261514068  0.0076553594325001  -0.37642024203693  -0.13613815636325  -0.83931744262726  
0.14323860153622  0.014630756890801  -0.13373364430789  0.012764021281439  -0.18744450929838  -0.064763359540524  -0.0048621710421691  0.42582388311698  0.38471944333905  0.19992574239562  -0.122608881606  0.052552536473606  0.045817297478412  -0.080596409329173  -0.017759642510907  -0.28083321948418  0.20431778889521  -0.014168165682415  -0.117091323982  -0.3400642339577  0.030654158619586  -0.46557019476506  0.067112994500517  0.17395826907697  -0.15240878393065  
