0.19622355028035  0.038656789903721  0.087062192102447  -0.18176413047187  -0.14918525697595  -0.16163228429538  -0.064257027575563  0.022231593597671  0.0042055811023905  0.10371744217442  -0.038694702381353  -0.02595296858862  -0.12865318509671  0.070131800653872  0.079320762827748  0.52125230644251  0.5218911509444  0.17309910868463  0.056037961721693  -0.16493471912711  -0.43220649454366  0.12766160790266  -0.088422569520301  0.05161757961034  0.08779266919829  
0.24350007854977  -0.03176027809291  -0.23258720647943  -0.26682880770328  0.068673568670119  0.12876390158387  0.51651866497357  -0.25686441014169  0.1397386623432  0.046126245078996  -0.082623431078006  0.063657638485861  0.4824214107727  0.096576996465736  -0.393606154616  0.12558644428039  0.042817831970243  -0.065852869288726  0.015433079671399  -0.0074055602878327  -0.015113484703841  0.013989596075396  0.065646406901623  -0.038682135000782  -0.048537605768886  
0.11697063735544  0.042988740437942  -0.025555116222768  -0.022455395596588  -0.18411391225149  -0.064989399816016  -0.10169885544188  -4.8617340913535e-05  0.15706964010272  0.014491392802407  0.1605112486217  0.03658867153113  0.070783026660231  0.0018815694364589  0.075134117516467  0.19792093910527  -0.00094368148521153  0.096745323727402  0.31454622930441  -0.35689771956639  0.70112750765384  0.32403133496432  -0.02299100429583  -0.0083550221667896  0.013523999267901  
0.3204323975228  -0.086446129355082  0.21199399590159  0.09422072403747  0.42411715606719  -0.70808098086392  0.015941369320903  -0.11357663791566  0.21158906275829  -0.04230564025393  0.19026650199958  0.019360492121961  0.13482708107247  -0.11423957433992  0.071790344570676  -0.10254535224406  -0.062329738622052  0.0021499811056206  -0.042707646756863  0.049520827060613  -0.029525619642575  -0.0016318914693576  -0.046236178994445  0.0094421827825971  0.017938677589871  
0.13142074354162  0.18092260440572  0.040948906204669  -0.13906594079323  0.034045276693138  -0.01155282638674  -0.014458572912904  -0.1190817747228  0.01686363822234  -0.036887208030584  -0.010721852829251  -0.032358043313015  -0.20930713605818  -0.026800658053295  0.13263156066141  0.19015789752927  0.026866834612467  -0.13142438696028  -0.18722696614511  -0.050665654498825  0.15008041526005  -0.31287093835564  0.38027949564208  -0.70001693030789  -0.039341191230938  
0.32485723871791  -0.36343623876043  -0.73528630953962  0.045073640345241  0.15191179761811  -0.0053479545991645  -0.35799117115434  0.016884346821169  -0.08528393696869  -0.046816196834421  -0.036407109665561  -0.037023849486416  -0.15990189235935  -0.029764463842635  -0.032111327482419  0.11359318331444  -0.069573369121332  -0.026263525271641  -0.060985304188993  0.069196094032364  0.0013092885635986  0.025990941454658  -0.027957595856227  -0.0091880558345837  -0.0049466839977267  
0.39446496519201  -0.18186674166877  0.362477992681  0.4544712835606  0.027253348060296  0.42150054807767  -0.12880960681865  0.055346477551707  0.084428733230629  -0.14480016178311  -0.23055154874311  -0.016921582820869  0.25477480092638  -0.27889326212216  0.026697870919509  0.18516076470393  0.021753031932006  0.053579515256494  -0.090625463382416  0.049630899189632  0.012026156626001  0.0089149582384687  0.0019730380966549  -0.040339714626922  0.015059613975855  
0.12024980356253  0.14472658837948  0.034151019113862  -0.39920058955766  0.50790716629407  0.19343215486265  -0.010637739147735  0.34944616984042  -0.25014975701914  -0.073974116684555  -0.12186165665003  0.10499958811907  0.11682081212996  0.056381533495007  0.19136452063987  -0.12910342019939  -0.032430262440271  0.42585476788106  -0.017436852519256  -0.1351679357797  0.061631989904274  0.014556727699882  -0.10945114837808  -0.059412226349756  0.043827323626863  
0.095125685381843  0.12936934096146  0.041930693996219  -0.076567987181981  0.051115139002489  -0.02999725114366  -0.022221414602256  0.1901386637619  -0.064544845375321  0.034694001534151  0.054768170931288  0.13555704830613  0.023887886514054  0.11468901837883  0.10755348857859  0.33419458905972  -0.055815289910566  -0.038086364668984  0.12157269485194  0.46328744439293  0.16712930552514  -0.19272990229857  0.49210418881131  0.46238569769421  -0.087673299659907  
0.12577173476688  0.052938288219966  0.0050470112070342  -0.12170503006422  -0.20898382531966  -0.048326943816479  0.05185550221448  0.37508044142522  0.17005408555096  0.17476638176468  -0.012253232601079  0.14737842231319  -0.025977613740661  -0.080800696682295  0.0016737170058829  -0.052726463953214  -0.32776045483425  -0.08181249283244  -0.31756964592618  0.068196049140874  -0.19060911849342  0.59558017221766  0.23928902318109  -0.12441429239921  0.049310804870058  
0.22903948851215  -0.11508518234729  0.034246608576125  0.08568489257239  -0.10012372589407  0.088381910065794  0.15211860265423  -0.051269038871071  -0.19519320800308  0.20861524724159  0.19961668152594  -0.01228160160778  0.037889664656478  0.18221130735627  0.31381753881913  0.077461564071764  -0.51628793995648  -0.088219475141872  0.25820632224027  -0.37754605907269  -0.28673177411007  -0.21343276717978  0.030199257698541  0.041986417796584  0.086308894726629  
0.15438462962454  0.40851438732989  -0.12021237202155  0.11496847539247  -0.012067738760069  0.011205981405481  -0.034148280088618  0.087189169317337  -0.29805562928105  0.30573625212791  0.30116000573465  -0.56114202257992  0.17726448577067  -0.30720296696344  -0.15543900070078  -0.084618383410754  0.091655262736765  0.038607552419712  -0.0042546338125341  0.063502794371184  0.0054964322078412  0.019212739101564  0.050217718054999  0.001021739587036  0.10344935298204  
0.10505802718229  0.048399529432982  -0.018969945059692  -0.049372176760083  -0.19462736849318  -0.031016712419385  0.10536848097832  0.22319180668324  0.14960383308024  0.13733128409372  0.021867746538157  0.10211441843436  -0.024559111683065  0.04859465080739  -0.0023202447032646  0.12499046568206  -0.12388560838093  0.016146020824927  0.066332832663819  0.4330598689495  0.13598187803227  -0.25304127901414  -0.52725399883591  -0.20426113559129  0.45114849276149  
0.13775795642362  0.31839684030344  -0.0085521018512655  0.20179768691815  0.12769027030427  0.078399490681316  -0.25236711113931  -0.2483156956939  -0.12158934340223  0.42999863161417  -0.043588204647604  0.62555343999338  -0.057039531220887  0.027274414929525  -0.16443032843384  -0.16767281884926  0.11770952788169  -0.076603216367301  0.10463595223861  -0.018508719758143  -0.032990354660609  0.042992359316022  -0.00074828369910351  -0.032583403159842  0.063143487158434  
0.10163700231758  0.18350761165753  0.015004541978716  -0.067617974232392  -0.04557138551879  0.055728885083088  0.095899852002771  -0.32555810929304  -0.024598056654107  0.0070152506205457  0.038481551537463  0.031072272778369  -0.22772438402794  -0.085488476743641  0.024093945331798  0.16539888461909  -0.18505030340515  0.13035366779632  -0.66402465392583  -0.15551468160176  0.18411838989569  -0.087135858163384  -0.18740792594882  0.37943202810269  0.060776334679011  
0.17899379943698  0.48945033126466  -0.23591584808769  0.33829149853404  -0.14902393290831  -0.18770082638167  0.21555424056173  0.09754000870442  -0.13325201036747  -0.56452098090741  -0.22824138360708  0.083776443541573  -0.027957915132281  0.13431362428749  0.041152324959108  -0.055440519275536  -0.01385832976789  -0.018368530871512  0.079346493253805  -0.07320871654207  -0.07411230369852  0.048965797189934  -0.0048440154750045  0.018514010273098  0.072813316342503  
0.1892342211853  0.14825903053217  0.056711853330194  -0.0010869078990576  0.0074398911922928  0.27286811417412  -0.25817610317802  -0.076271944019124  0.40406835178561  -0.20452741097928  0.44366077862607  -0.12839419507825  -0.057501901500956  0.50375610149208  -0.14547388655546  -0.17615592554949  0.0020184277179765  0.18845447409664  -0.033766135428111  0.075999545615282  -0.13593623440106  0.010419696197634  0.053037730696716  -0.0042817608733732  0.021468198620357  
0.28415620951189  -0.023410322453689  0.19203896046368  -0.39830093854181  -0.4261033942422  -0.17121442003852  -0.3809324645318  -0.21885598402603  -0.22912985862452  -0.085204840823029  -0.31761959632075  -0.1023773717663  0.18591246153236  0.064386239634923  -0.052211789436662  -0.27200651607205  -0.11253785223188  -0.0074848852286236  0.035555203689028  0.10089024068324  0.025522294401575  -0.061372819803897  -0.011494471612553  0.0412384999168  -0.048350290656866  
0.11081088874487  0.12679455085632  0.1108219865933  -0.21317937445848  0.21844198585973  0.1482375684738  -0.10820734241991  0.14845685397826  -0.0078611006824507  -0.12814780760158  0.058965025707613  -0.073715384697418  -0.017354190992778  0.054967700329675  0.044471358031682  0.04049282593712  0.10696104693113  -0.81803666969465  -0.026502545910609  -0.10734548667416  0.034616668378516  0.076918760269986  -0.24747226702821  0.13008344646828  0.0037386261809936  
0.16176609540424  0.16470335930357  -0.089166250131552  -0.13840999666815  0.090027956530416  0.18239442188519  0.17074881353801  -0.2768243202934  0.37735340473669  0.10656738991586  -0.26336111472374  -0.19716283663102  -0.32718277606088  -0.26341124286086  0.3588681706296  -0.1977452255912  -0.015303051763951  0.024744060362975  0.3208124526639  0.17392372205407  -0.057021906383733  0.12073151469906  -0.0015929962166373  0.11080448249915  -0.044772815624255  
0.16167086556379  -0.1938428502638  -0.02415639454892  0.18756409513684  -0.076908964889161  0.0095958268357848  0.2494102367058  -0.035477067267428  -0.19980952953923  0.22089084416027  -0.0067493169917731  -0.076647743120295  0.065138613454436  0.43310228862662  0.43755996801211  -0.24475823511228  0.36435051570054  -0.05334617344285  -0.24781121274625  0.16741880484059  0.20174498235059  0.15122610341305  -0.0080088202139697  -0.041415902023388  -0.053321218464887  
0.23477038776104  -0.14906086514274  0.25072142697855  0.078397667807178  0.12013299850786  -0.050067489378805  0.21341239039967  0.15866150241156  -0.14953281417627  0.1228258998077  -0.2105089516875  -0.19557944091446  -0.53734684206097  0.21359514154447  -0.51111224068832  -0.040052294553807  -0.064489187311654  0.02515258278639  0.12314450562177  -0.059058429184435  0.14636697737174  0.033296360405169  0.033597640430528  0.027472978938145  -0.03039375447658  
0.24142700965694  -0.19959651026169  0.049706881922726  -0.16732489412621  -0.21266481400812  0.11612886197415  0.23458502399239  0.03199944295319  -0.22149771570439  -0.27479278496044  0.48480056466256  0.30997082955245  -0.22065749948115  -0.37880947715754  -0.027640393358935  -0.21890895080736  0.20369311137689  0.017806610028819  0.083833004724442  0.072157300697581  -0.014164352211888  -0.028999254376695  0.015699093188792  0.0096255454723382  -0.068256213820427  
0.066134109614354  0.16472008178375  0.00011447127165678  0.054441584476979  -0.056821867218774  -0.023263056854373  0.0061113939245599  0.075966561332264  -0.024940839911663  0.08751959490002  0.075113750868904  0.027065690272968  -0.0004520007342366  0.030155419525639  0.0084458368751303  0.16421262595972  -0.14559415317739  0.062543368216547  0.018306646855873  0.14643344151516  -0.041510261514207  0.007655359432452  -0.37642024203756  -0.13613815636335  -0.8393174426269  
0.14323860153622  0.014630756890801  -0.13373364430789  0.012764021281439  -0.18744450929838  -0.064763359540525  -0.0048621710421719  0.42582388311699  0.38471944333906  0.19992574239561  -0.12260888160602  0.052552536473601  0.045817297478403  -0.080596409329172  -0.01775964251093  -0.28083321948418  0.20431778889522  -0.01416816568242  -0.11709132398201  -0.34006423395774  0.030654158619463  -0.46557019476502  0.067112994500341  0.17395826907691  -0.15240878393079  
